image: my_robot_map_rviz.pgm
resolution: 0.050000
origin: [-348.000000, -389.600000, 0.000000]
negate: 0
occupied_thresh: 0.65
free_thresh: 0.196

